RS_number	rs1050979	rs9405661	rs12203596	rs4320356	rs114631266	rs2471863	rs34941730	rs2523989	rs45626136	rs886424	rs116020851	rs1265057	rs116763857	rs9264758	rs2251396	rs9501130	rs3093664	rs2857595	rs1270942	rs3134938	rs926592	rs1980493	rs3135365	rs9268576	rs9268645	rs9268853	rs138748427	rs7760731	rs9272346	rs9273363	rs9273367	rs9273368	rs1770	rs9275358	rs2647044	rs35122968	rs3997848	rs1015166	rs241427	rs4148870	rs3128930	rs78824139	rs17711850	rs3757247	rs11755527	rs72928038	rs9388489	rs1578060	rs1538171	rs12665429	rs212408	rs9356171	rs73043122	rs924043
rs1050979	1	0.925	0.123	0.048	NA	0.05	0.113	0.181	0.584	1	0.181	0.13	NA	0.532	0.04	0.236	0.22	0.112	NA	0.119	0.12	0.197	0.026	0.026	0.018	0.151	0.092	0.02	0.024	0.304	0.251	0.304	0.129	0.361	0.064	0.22	0.147	0.048	0.064	0.178	0.008	NA	NA	0.136	0.2	NA	0.318	0.318	0.318	0.424	0.445	0.132	0.211	0.077
rs9405661	0.925	1	0.117	0.065	NA	0.094	0.322	0.176	0.591	0.313	0.176	0.093	NA	0.464	0.008	0.174	0.215	0.166	NA	0.134	0.07	0.212	0.068	0.019	0.035	0.117	0.071	0.038	0.011	0.212	0.172	0.212	0.059	0.282	0.084	0.234	0.142	0.041	0.08	0.133	0.108	NA	NA	0.08	0.151	NA	0.313	0.313	0.313	0.434	0.591	0.084	0.032	0.147
rs12203596	0.123	0.117	1	0.099	NA	0.183	0.226	1	1	1	0.034	0.08	NA	0.08	0.032	0.344	1	0.055	NA	0.134	0.075	0.08	1	0.14	0.124	0.215	0.037	0.095	0.134	0.026	0.08	0.026	0.019	0.282	0.106	0.03	0.08	0.038	0.159	0.043	0.149	NA	NA	0.293	0.12	NA	1	1	1	0.245	0.096	0.064	0.226	0.248
rs4320356	0.048	0.065	0.099	1	NA	0.37	0.449	0.159	0.224	0.299	0.651	0.236	NA	0.054	0.289	0.142	0.501	0.136	NA	0.176	0.324	0.002	0.099	0.239	0.086	0.255	0.021	0.009	0.12	0.102	0.127	0.102	0.026	0.319	0.65	0.007	0.273	0.101	0.259	0.032	0.259	NA	NA	0.042	0.098	NA	0.299	0.299	0.299	0.105	0.095	0.683	0.115	0.039
rs114631266	NA	NA	NA	NA	NA	NA	NA	NA	NA	NA	NA	NA	NA	NA	NA	NA	NA	NA	NA	NA	NA	NA	NA	NA	NA	NA	NA	NA	NA	NA	NA	NA	NA	NA	NA	NA	NA	NA	NA	NA	NA	NA	NA	NA	NA	NA	NA	NA	NA	NA	NA	NA	NA	NA
rs2471863	0.05	0.094	0.183	0.37	NA	1	0.096	0.078	0.146	1	0.428	0.087	NA	0.007	0.117	0.059	0.183	0.029	NA	0.495	0.169	0.183	0.012	0.346	0.012	0.039	0.011	0.076	0.046	0.101	0.07	0.101	0.102	0.063	0.762	0.231	0.106	0.13	0.003	0	0.115	NA	NA	0.037	0.003	NA	1	1	1	0.193	0.364	0.115	0.247	0.254
rs34941730	0.113	0.322	0.226	0.449	NA	0.096	1	1	1	1	0.458	0.046	NA	0.039	0.096	0.447	0.226	0.105	NA	0.062	0.051	1	0.037	0.054	0.29	0.09	0.179	0.077	0.128	0.123	0.183	0.123	0.051	0.113	0.548	0.096	0.096	0.182	0.071	0.216	0.179	NA	NA	0.096	0.208	NA	1	1	1	0.166	0.092	0.108	0.715	0.214
rs2523989	0.181	0.176	1	0.159	NA	0.078	1	1	0.066	1	1	0.356	NA	0.087	0.237	0.58	0.099	0.363	NA	0.019	0.058	1	0.264	0.157	0.51	0.214	0.23	0.049	0.053	0.117	0.228	0.117	0.042	0.001	1	0.142	0.218	0.611	0.376	0.255	0.047	NA	NA	0.208	0.296	NA	1	1	1	0.472	0.079	0.376	0.009	0.098
rs45626136	0.584	0.591	1	0.224	NA	0.146	1	0.066	1	1	0.066	0.642	NA	0.046	0.152	0.271	1	0.056	NA	1	1	1	0.183	0.063	0.728	0.126	0.572	0.296	0.038	0.158	0.092	0.158	0.237	0.306	0.056	0.12	0.523	0.102	0.019	0.448	0.338	NA	NA	0.102	0.022	NA	1	1	1	0.041	0.152	1	1	0.165
rs886424	1	0.313	1	0.299	NA	1	1	1	1	1	1	1	NA	1	1	1	1	1	NA	1	1	1	1	1	1	1	1	1	1	0.243	0.183	0.243	1	0.376	1	1	0.348	1	0.264	0.163	1	NA	NA	1	1	NA	1	1	1	1	1	1	0.449	1
rs116020851	0.181	0.176	0.034	0.651	NA	0.428	0.458	1	0.066	1	1	0.034	NA	0.571	0.619	0.58	1	0.622	NA	1	0.058	1	0.264	0.411	0.51	0.214	0.037	0.27	0.29	0.243	0.183	0.243	0.142	0.001	1	0.142	0.218	0.223	0.376	0.33	0.376	NA	NA	0.406	0.472	NA	1	1	1	0.137	1	0.166	0.009	0.098
rs1265057	0.13	0.093	0.08	0.236	NA	0.087	0.046	0.356	0.642	1	0.034	1	NA	0.003	0.463	0.343	0.08	0.262	NA	0.243	0.169	0.31	0.655	0.264	0.349	0.189	0.128	0.155	0.223	0.124	0.183	0.124	0.115	0.058	0.464	0.154	0.124	0.097	0.025	0.11	0.033	NA	NA	0.022	0.096	NA	1	1	1	0.07	0.166	0.121	0.084	0.207
rs116763857	NA	NA	NA	NA	NA	NA	NA	NA	NA	NA	NA	NA	NA	NA	NA	NA	NA	NA	NA	NA	NA	NA	NA	NA	NA	NA	NA	NA	NA	NA	NA	NA	NA	NA	NA	NA	NA	NA	NA	NA	NA	NA	NA	NA	NA	NA	NA	NA	NA	NA	NA	NA	NA	NA
rs9264758	0.532	0.464	0.08	0.054	NA	0.007	0.039	0.087	0.046	1	0.571	0.003	NA	1	0.523	0.299	0.255	0.513	NA	0.495	0.031	0.387	0.162	0.069	0.121	0.599	0.176	0.274	0.243	0.571	0.41	0.571	0.601	0.058	0.285	0.348	0.195	0.046	0.025	0.093	0.052	NA	NA	0.116	0.132	NA	1	1	1	0.23	0.046	0.09	0.096	0.029
rs2251396	0.04	0.008	0.032	0.289	NA	0.117	0.096	0.237	0.152	1	0.619	0.463	NA	0.523	1	1	0.032	0.65	NA	0.551	0.262	0.183	0.319	0.128	0.319	0.068	0.002	0.27	0.298	0.158	0.243	0.158	0.046	0.074	0.364	0.046	0.126	0.105	0.019	0.194	0.138	NA	NA	0.028	0.014	NA	1	1	1	0.022	0.435	0.179	0.144	0.005
rs9501130	0.236	0.174	0.344	0.142	NA	0.059	0.447	0.58	0.271	1	0.58	0.343	NA	0.299	1	1	0.399	0.133	NA	0.258	0.111	0.344	0.55	0.213	0.207	0.103	0.096	0.224	0.046	0.227	0.199	0.227	0.159	0.072	0.672	0.299	0.474	0.011	0.108	0.009	0.046	NA	NA	0.011	0.055	NA	0.344	0.344	0.344	0.125	0.028	0.236	0.557	0.11
rs3093664	0.22	0.215	1	0.501	NA	0.183	0.226	0.099	1	1	1	0.08	NA	0.255	0.032	0.399	1	0.46	NA	0.066	0.051	0.234	1	0.14	0.276	0.608	0.703	0.165	0.011	0.58	0.264	0.58	0.658	0.282	1	1	0.387	0.038	0.108	0.521	0.32	NA	NA	0.134	0.008	NA	1	1	1	0.119	1	0.108	0.056	0.147
rs2857595	0.112	0.166	0.055	0.136	NA	0.029	0.105	0.363	0.056	1	0.622	0.262	NA	0.513	0.65	0.133	0.46	1	NA	0.75	0.086	0.325	0.393	0.136	0.216	0.017	0.008	0.535	0.219	0.325	0.339	0.325	0.099	0.032	0.685	0.027	0.159	0.073	0.131	0.18	0.141	NA	NA	0.02	0.002	NA	1	1	1	0.079	0.213	0.141	0.304	0.015
rs1270942	NA	NA	NA	NA	NA	NA	NA	NA	NA	NA	NA	NA	NA	NA	NA	NA	NA	NA	NA	NA	NA	NA	NA	NA	NA	NA	NA	NA	NA	NA	NA	NA	NA	NA	NA	NA	NA	NA	NA	NA	NA	NA	NA	NA	NA	NA	NA	NA	NA	NA	NA	NA	NA	NA
rs3134938	0.119	0.134	0.134	0.176	NA	0.495	0.062	0.019	1	1	1	0.243	NA	0.495	0.551	0.258	0.066	0.75	NA	1	1	0.134	0.567	0.308	0.106	0.167	0.207	0.055	0.025	0.02	0.134	0.02	0.014	0.409	1	0.495	0.08	0.085	0.266	0.124	0.266	NA	NA	0.05	0.183	NA	1	1	1	0.057	0.102	0.019	1	0.473
rs926592	0.12	0.07	0.075	0.324	NA	0.169	0.051	0.058	1	1	0.058	0.169	NA	0.031	0.262	0.111	0.051	0.086	NA	1	1	0.243	0.159	0.301	0.237	0.734	0.732	0.693	0.553	0.715	0.585	0.715	0.768	0.514	1	0.446	0.159	0.498	0.295	0.46	0.396	NA	NA	0.169	0.148	NA	0.411	0.411	0.411	0.005	0.041	0.195	0.009	0.224
rs1980493	0.197	0.212	0.08	0.002	NA	0.183	1	1	1	1	1	0.31	NA	0.387	0.183	0.344	0.234	0.325	NA	0.134	0.243	1	1	1	0.879	1	0.405	0.095	0.505	1	1	1	1	1	1	0.387	0.08	0.134	0.777	0.761	0.064	NA	NA	0.01	0.008	NA	1	1	1	0.119	0.014	0.064	1	0.147
rs3135365	0.026	0.068	1	0.099	NA	0.012	0.037	0.264	0.183	1	0.264	0.655	NA	0.162	0.319	0.55	1	0.393	NA	0.567	0.159	1	1	1	1	0.902	1	1	0.938	1	1	1	0.914	1	1	0.08	0.162	0.086	0.159	0.163	0.331	NA	NA	0.279	0.173	NA	0.421	0.421	0.421	0.057	0.057	0.554	0.025	0.033
rs9268576	0.026	0.019	0.14	0.239	NA	0.346	0.054	0.157	0.063	1	0.411	0.264	NA	0.069	0.128	0.213	0.14	0.136	NA	0.308	0.301	1	1	1	1	1	0.524	0.249	0.159	0.005	0.019	0.005	0.179	0.713	1	0.755	0.632	0.445	0.643	0.007	0.287	NA	NA	0.208	0.245	NA	1	1	1	0.013	0.063	0.014	0.176	0.227
rs9268645	0.018	0.035	0.124	0.086	NA	0.012	0.29	0.51	0.728	1	0.51	0.349	NA	0.121	0.319	0.207	0.276	0.216	NA	0.106	0.237	0.879	1	1	1	0.444	0.207	0.623	0.299	0.404	0.295	0.404	0.458	0.176	1	0.591	0.234	0.028	0.13	0.064	0.108	NA	NA	0.134	0.146	NA	1	1	1	0.177	0.092	0.183	0.355	0.046
rs9268853	0.151	0.117	0.215	0.255	NA	0.039	0.09	0.214	0.126	1	0.214	0.189	NA	0.599	0.068	0.103	0.608	0.017	NA	0.167	0.734	1	0.902	1	0.444	1	0.641	0.129	1	0.708	0.629	0.708	0.931	0.616	1	0.771	0.378	0.326	0.19	0.107	0.142	NA	NA	0.076	0.037	NA	0.214	0.214	0.214	0.084	0.068	0.047	0.09	0.164
rs138748427	0.092	0.071	0.037	0.021	NA	0.011	0.179	0.23	0.572	1	0.037	0.128	NA	0.176	0.002	0.096	0.703	0.008	NA	0.207	0.732	0.405	1	0.524	0.207	0.641	1	0.171	0.546	0.532	0.446	0.532	0.552	0.53	0.037	0.037	0.358	0.136	0.008	0.223	0.117	NA	NA	0.04	0.041	NA	0.037	0.037	0.037	0.2	0.073	0.054	0.392	0.065
rs7760731	0.02	0.038	0.095	0.009	NA	0.076	0.077	0.049	0.296	1	0.27	0.155	NA	0.274	0.27	0.224	0.165	0.535	NA	0.055	0.693	0.095	1	0.249	0.623	0.129	0.171	1	0.927	0.417	0.396	0.417	0.34	0.768	1	0.736	0.026	0.103	0.232	0.201	0.07	NA	NA	0.099	0.11	NA	1	1	1	0.101	0.178	0.115	0.154	0.035
rs9272346	0.024	0.011	0.134	0.12	NA	0.046	0.128	0.053	0.038	1	0.29	0.223	NA	0.243	0.298	0.046	0.011	0.219	NA	0.025	0.553	0.505	0.938	0.159	0.299	1	0.546	0.927	1	0.966	0.941	0.966	0.972	0.942	0.803	0.711	0.309	0.347	0.103	0.061	0.067	NA	NA	0.044	0.049	NA	0.134	0.134	0.134	0.023	0.102	0.354	0.252	0.022
rs9273363	0.304	0.212	0.026	0.102	NA	0.101	0.123	0.117	0.158	0.243	0.243	0.124	NA	0.571	0.158	0.227	0.58	0.325	NA	0.02	0.715	1	1	0.005	0.404	0.708	0.532	0.417	0.966	1	1	1	1	0.557	1	1	0.203	0.167	0.082	0.078	0.082	NA	NA	0.095	0.008	NA	0.243	0.243	0.243	0.068	0.019	0.019	0.123	0.147
rs9273367	0.251	0.172	0.08	0.127	NA	0.07	0.183	0.228	0.092	0.183	0.183	0.183	NA	0.41	0.243	0.199	0.264	0.339	NA	0.134	0.585	1	1	0.019	0.295	0.629	0.446	0.396	0.941	1	1	1	0.785	0.92	1	1	0.303	0.223	0.083	0.007	0.108	NA	NA	0.034	0.045	NA	0.183	0.183	0.183	0.036	0.142	0.059	0.14	0.179
rs9273368	0.304	0.212	0.026	0.102	NA	0.101	0.123	0.117	0.158	0.243	0.243	0.124	NA	0.571	0.158	0.227	0.58	0.325	NA	0.02	0.715	1	1	0.005	0.404	0.708	0.532	0.417	0.966	1	1	1	1	0.557	1	1	0.203	0.167	0.082	0.078	0.082	NA	NA	0.095	0.008	NA	0.243	0.243	0.243	0.068	0.019	0.019	0.123	0.147
rs1770	0.129	0.059	0.019	0.026	NA	0.102	0.051	0.042	0.237	1	0.142	0.115	NA	0.601	0.046	0.159	0.658	0.099	NA	0.014	0.768	1	0.914	0.179	0.458	0.931	0.552	0.34	0.972	1	0.785	1	1	0.581	1	1	0.285	0.322	0.194	0.163	0.064	NA	NA	0.102	0.038	NA	0.142	0.142	0.142	0.032	0.11	0.012	0.277	0.097
rs9275358	0.361	0.282	0.282	0.319	NA	0.063	0.113	0.001	0.306	0.376	0.001	0.058	NA	0.058	0.074	0.072	0.282	0.032	NA	0.409	0.514	1	1	0.713	0.176	0.616	0.53	0.768	0.942	0.557	0.92	0.557	0.581	1	1	1	0.895	0.431	0.103	0.455	0.054	NA	NA	0.034	0.012	NA	0.376	0.376	0.376	0.227	0.442	0.054	0.471	0.053
rs2647044	0.064	0.084	0.106	0.65	NA	0.762	0.548	1	0.056	1	1	0.464	NA	0.285	0.364	0.672	1	0.685	NA	1	1	1	1	1	1	1	0.037	1	0.803	1	1	1	1	1	1	1	1	0.676	0.48	0.38	0.48	NA	NA	0.175	0.12	NA	1	1	1	0.075	0.041	0.008	0.174	0.005
rs35122968	0.22	0.234	0.03	0.007	NA	0.231	0.096	0.142	0.12	1	0.142	0.154	NA	0.348	0.046	0.299	1	0.027	NA	0.495	0.446	0.387	0.08	0.755	0.591	0.771	0.037	0.736	0.711	1	1	1	1	1	1	1	0.285	0.607	0.61	0.483	0.22	NA	NA	0.34	0.266	NA	0.434	0.434	0.434	0.12	0.046	0.22	1	0.502
rs3997848	0.147	0.142	0.08	0.273	NA	0.106	0.096	0.218	0.523	0.348	0.218	0.124	NA	0.195	0.126	0.474	0.387	0.159	NA	0.08	0.159	0.08	0.162	0.632	0.234	0.378	0.358	0.026	0.309	0.203	0.303	0.203	0.285	0.895	1	0.285	1	0.838	0.111	0.163	0.09	NA	NA	0.032	0.036	NA	1	1	1	0.064	0.179	0.22	0.314	0.029
rs1015166	0.048	0.041	0.038	0.101	NA	0.13	0.182	0.611	0.102	1	0.223	0.097	NA	0.046	0.105	0.011	0.038	0.073	NA	0.085	0.498	0.134	0.086	0.445	0.028	0.326	0.136	0.103	0.347	0.167	0.223	0.167	0.322	0.431	0.676	0.607	0.838	1	0.293	0.017	0.021	NA	NA	0.066	0.037	NA	0.327	0.327	0.327	0.068	0.424	0.176	0.182	0.38
rs241427	0.064	0.08	0.159	0.259	NA	0.003	0.071	0.376	0.019	0.264	0.376	0.025	NA	0.025	0.019	0.108	0.108	0.131	NA	0.266	0.295	0.777	0.159	0.643	0.13	0.19	0.008	0.232	0.103	0.082	0.083	0.082	0.194	0.103	0.48	0.61	0.111	0.293	1	0.361	0.243	NA	NA	0.051	0.053	NA	0.264	0.264	0.264	0.12	0.075	0.054	0.179	0.141
rs4148870	0.178	0.133	0.043	0.032	NA	0	0.216	0.255	0.448	0.163	0.33	0.11	NA	0.093	0.194	0.009	0.521	0.18	NA	0.124	0.46	0.761	0.163	0.007	0.064	0.107	0.223	0.201	0.061	0.078	0.007	0.078	0.163	0.455	0.38	0.483	0.163	0.017	0.361	1	0.391	NA	NA	0.124	0.052	NA	1	1	1	0.184	0.173	0.137	0.119	0.005
rs3128930	0.008	0.108	0.149	0.259	NA	0.115	0.179	0.047	0.338	1	0.376	0.033	NA	0.052	0.138	0.046	0.32	0.141	NA	0.266	0.396	0.064	0.331	0.287	0.108	0.142	0.117	0.07	0.067	0.082	0.108	0.082	0.064	0.054	0.48	0.22	0.09	0.021	0.243	0.391	1	NA	NA	0.021	0.018	NA	1	1	1	0.028	0.074	0.243	0.343	0.043
rs78824139	NA	NA	NA	NA	NA	NA	NA	NA	NA	NA	NA	NA	NA	NA	NA	NA	NA	NA	NA	NA	NA	NA	NA	NA	NA	NA	NA	NA	NA	NA	NA	NA	NA	NA	NA	NA	NA	NA	NA	NA	NA	NA	NA	NA	NA	NA	NA	NA	NA	NA	NA	NA	NA	NA
rs17711850	NA	NA	NA	NA	NA	NA	NA	NA	NA	NA	NA	NA	NA	NA	NA	NA	NA	NA	NA	NA	NA	NA	NA	NA	NA	NA	NA	NA	NA	NA	NA	NA	NA	NA	NA	NA	NA	NA	NA	NA	NA	NA	NA	NA	NA	NA	NA	NA	NA	NA	NA	NA	NA	NA
rs3757247	0.136	0.08	0.293	0.042	NA	0.037	0.096	0.208	0.102	1	0.406	0.022	NA	0.116	0.028	0.011	0.134	0.02	NA	0.05	0.169	0.01	0.279	0.208	0.134	0.076	0.04	0.099	0.044	0.095	0.034	0.095	0.102	0.034	0.175	0.34	0.032	0.066	0.051	0.124	0.021	NA	NA	1	1	NA	1	1	1	0.223	0.102	0.1	0.362	0.005
rs11755527	0.2	0.151	0.12	0.098	NA	0.003	0.208	0.296	0.022	1	0.472	0.096	NA	0.132	0.014	0.055	0.008	0.002	NA	0.183	0.148	0.008	0.173	0.245	0.146	0.037	0.041	0.11	0.049	0.008	0.045	0.008	0.038	0.012	0.12	0.266	0.036	0.037	0.053	0.052	0.018	NA	NA	1	1	NA	1	1	1	0.228	0.143	0.093	0.391	0.027
rs72928038	NA	NA	NA	NA	NA	NA	NA	NA	NA	NA	NA	NA	NA	NA	NA	NA	NA	NA	NA	NA	NA	NA	NA	NA	NA	NA	NA	NA	NA	NA	NA	NA	NA	NA	NA	NA	NA	NA	NA	NA	NA	NA	NA	NA	NA	NA	NA	NA	NA	NA	NA	NA	NA	NA
rs9388489	0.318	0.313	1	0.299	NA	1	1	1	1	1	1	1	NA	1	1	0.344	1	1	NA	1	0.411	1	0.421	1	1	0.214	0.037	1	0.134	0.243	0.183	0.243	0.142	0.376	1	0.434	1	0.327	0.264	1	1	NA	NA	1	1	NA	1	1	1	0.383	0.425	1	1	0.248
rs1578060	0.318	0.313	1	0.299	NA	1	1	1	1	1	1	1	NA	1	1	0.344	1	1	NA	1	0.411	1	0.421	1	1	0.214	0.037	1	0.134	0.243	0.183	0.243	0.142	0.376	1	0.434	1	0.327	0.264	1	1	NA	NA	1	1	NA	1	1	1	0.383	0.425	1	1	0.248
rs1538171	0.318	0.313	1	0.299	NA	1	1	1	1	1	1	1	NA	1	1	0.344	1	1	NA	1	0.411	1	0.421	1	1	0.214	0.037	1	0.134	0.243	0.183	0.243	0.142	0.376	1	0.434	1	0.327	0.264	1	1	NA	NA	1	1	NA	1	1	1	0.383	0.425	1	1	0.248
rs12665429	0.424	0.434	0.245	0.105	NA	0.193	0.166	0.472	0.041	1	0.137	0.07	NA	0.23	0.022	0.125	0.119	0.079	NA	0.057	0.005	0.119	0.057	0.013	0.177	0.084	0.2	0.101	0.023	0.068	0.036	0.068	0.032	0.227	0.075	0.12	0.064	0.068	0.12	0.184	0.028	NA	NA	0.223	0.228	NA	0.383	0.383	0.383	1	0.041	0.028	0.156	0.005
rs212408	0.445	0.591	0.096	0.095	NA	0.364	0.092	0.079	0.152	1	1	0.166	NA	0.046	0.435	0.028	1	0.213	NA	0.102	0.041	0.014	0.057	0.063	0.092	0.068	0.073	0.178	0.102	0.019	0.142	0.019	0.11	0.442	0.041	0.046	0.179	0.424	0.075	0.173	0.074	NA	NA	0.102	0.143	NA	0.425	0.425	0.425	0.041	1	0.03	0.152	0.165
rs9356171	0.132	0.084	0.064	0.683	NA	0.115	0.108	0.376	1	1	0.166	0.121	NA	0.09	0.179	0.236	0.108	0.141	NA	0.019	0.195	0.064	0.554	0.014	0.183	0.047	0.054	0.115	0.354	0.019	0.059	0.019	0.012	0.054	0.008	0.22	0.22	0.176	0.054	0.137	0.243	NA	NA	0.1	0.093	NA	1	1	1	0.028	0.03	1	0.671	0.186
rs73043122	0.211	0.032	0.226	0.115	NA	0.247	0.715	0.009	1	0.449	0.009	0.084	NA	0.096	0.144	0.557	0.056	0.304	NA	1	0.009	1	0.025	0.176	0.355	0.09	0.392	0.154	0.252	0.123	0.14	0.123	0.277	0.471	0.174	1	0.314	0.182	0.179	0.119	0.343	NA	NA	0.362	0.391	NA	1	1	1	0.156	0.152	0.671	1	0.209
rs924043	0.077	0.147	0.248	0.039	NA	0.254	0.214	0.098	0.165	1	0.098	0.207	NA	0.029	0.005	0.11	0.147	0.015	NA	0.473	0.224	0.147	0.033	0.227	0.046	0.164	0.065	0.035	0.022	0.147	0.179	0.147	0.097	0.053	0.005	0.502	0.029	0.38	0.141	0.005	0.043	NA	NA	0.005	0.027	NA	0.248	0.248	0.248	0.005	0.165	0.186	0.209	1
